version 2
run Ping1-0-20150522-23:36:47-20584
attr configname Ping1
attr datetime 20150522-23:36:47
attr experiment Ping1
attr inifile omnetpp.ini
attr iterationvars ""
attr iterationvars2 $repetition=0
attr measurement ""
attr network Adhoc
attr processid 20584
attr repetition 0
attr replication #0
attr resultdir results
attr runnumber 0
attr seedset 0

vector 12  Adhoc.host[1].pingApp[0]  pingTxSeq:vector  ETV
attr interpolationmode  none
attr title  "ping tx seq, vector"
vector 14  Adhoc.host[1].networkLayer.arp  sentReq:vector  ETV
attr title  "ARP request sent, vector"
vector 16  Adhoc.host[1].networkLayer.arp  initiatedResolution:vector  ETV
attr title  "ARP initiated resolutions, vector"
vector 13  Adhoc.host[1].pingApp[0]  pingRxSeq:vector  ETV
attr interpolationmode  none
attr title  "ping rx seq, vector"
vector 9  Adhoc.host[1].pingApp[0]  rtt:vector  ETV
attr interpolationmode  none
attr title  "ping round-trip time, vector"
attr unit  s
vector 10  Adhoc.host[1].pingApp[0]  numLost:vector  ETV
attr interpolationmode  none
attr title  "pings lost, vector"
vector 5  Adhoc.host[0].networkLayer.arp  sentReq:vector  ETV
attr title  "ARP request sent, vector"
vector 7  Adhoc.host[0].networkLayer.arp  initiatedResolution:vector  ETV
attr title  "ARP initiated resolutions, vector"
vector 17  Adhoc.host[1].networkLayer.arp  failedResolution:vector  ETV
attr title  "ARP failed resolutions, vector"
5	8039	123.372620465555	1
5	34703	394.372620465555	1
5	66676	692.372620465555	1
7	8039	123.372620465555	1
7	34703	394.372620465555	1
7	66676	692.372620465555	1
9	161	3.375358465555	0.00398
9	292	4.374336465555	0.002958
9	423	5.374296465555	0.002918
9	554	6.374396465555	0.003018
9	684	7.374136465555	0.002758
9	815	8.374196465555	0.002818
9	946	9.374116465555	0.002738
9	1077	10.374556465555	0.003178
9	1207	11.374476465555	0.003098
9	4714	97.374556465555	0.003178
9	4845	98.374236465555	0.002858
9	4975	99.374596465555	0.003218
9	5106	100.374016465555	0.002638
9	5237	101.374176465555	0.002798
9	5364	102.374316465555	0.002938
9	5495	103.374056465555	0.002678
9	5626	104.374056465555	0.002678
9	5756	105.374336465555	0.002958
9	5887	106.374036465555	0.002658
9	6018	107.374036465555	0.002658
9	6149	108.374016465555	0.002638
9	6280	109.374236465555	0.002858
9	6410	110.374516465555	0.003138
9	6540	111.374616465555	0.003238
9	6670	112.374516465555	0.003138
9	6801	113.374196465555	0.002818
9	6932	114.374056465555	0.002678
9	7060	115.374096465555	0.002718
9	7191	116.374196465555	0.002818
9	7321	117.374616465555	0.003238
9	7452	118.374276465555	0.002898
9	7583	119.374276465555	0.002898
9	7713	120.374376465555	0.002998
9	7840	121.374076465555	0.002698
9	7970	122.374416465555	0.003038
9	8139	123.375458465555	0.00408
9	8269	124.374336465555	0.002958
9	8399	125.374596465555	0.003218
9	8530	126.374416465555	0.003038
9	8660	127.374616465555	0.003238
9	8790	128.374596465555	0.003218
9	9114	133.374296465555	0.002918
9	9244	134.374596465555	0.003218
9	9375	135.374416465555	0.003038
9	9506	136.374316465555	0.002938
9	9637	137.374156465555	0.002778
9	9765	138.374376465555	0.002998
9	9895	139.374456465555	0.003078
9	10025	140.374336465555	0.002958
9	10156	141.374116465555	0.002738
9	10287	142.374456465555	0.003078
9	10418	143.374036465555	0.002658
9	10549	144.374176465555	0.002798
9	10680	145.374236465555	0.002858
9	10807	146.374616465555	0.003238
9	10938	147.374276465555	0.002898
9	11068	148.374276465555	0.002898
9	11198	149.374596465555	0.003218
9	11325	150.374176465555	0.002798
9	11455	151.374436465555	0.003058
9	11585	152.374616465555	0.003238
9	11716	153.374156465555	0.002778
9	11847	154.374016465555	0.002638
9	11977	155.374596465555	0.003218
9	12107	156.374596465555	0.003218
9	12237	157.374476465555	0.003098
9	12367	158.374496465555	0.003118
9	12494	159.374076465555	0.002698
9	12622	160.374076465555	0.002698
9	12753	161.374096465555	0.002718
9	12883	162.374516465555	0.003138
9	13011	163.374376465555	0.002998
9	13141	164.374476465555	0.003098
9	13273	165.374556465555	0.003178
9	13401	166.374136465555	0.002758
9	13532	167.374096465555	0.002718
9	13663	168.374176465555	0.002798
9	13794	169.374176465555	0.002798
9	13924	170.374316465555	0.002938
9	14055	171.374236465555	0.002858
9	14186	172.374136465555	0.002758
9	14317	173.374176465555	0.002798
9	14448	174.374176465555	0.002798
9	14578	175.374276465555	0.002898
9	14705	176.374396465555	0.003018
9	14835	177.374036465555	0.002658
9	14966	178.374336465555	0.002958
9	15096	179.374036465555	0.002658
9	15227	180.374036465555	0.002658
9	15357	181.374496465555	0.003118
9	15488	182.373996465555	0.002618
9	15618	183.374516465555	0.003138
9	15749	184.374316465555	0.002938
9	15879	185.374616465555	0.003238
9	16010	186.373996465555	0.002618
9	16141	187.374176465555	0.002798
9	16272	188.374116465555	0.002738
9	16402	189.374616465555	0.003238
9	16533	190.374096465555	0.002718
9	19792	274.375658465555	0.00428
9	19923	275.374076465555	0.002698
9	20053	276.374496465555	0.003118
9	20183	277.374296465555	0.002918
9	20313	278.374156465555	0.002778
9	20444	279.374196465555	0.002818
9	20575	280.374436465555	0.003058
9	20705	281.374596465555	0.003218
9	20836	282.374316465555	0.002938
9	20967	283.374336465555	0.002958
9	21097	284.374236465555	0.002858
9	21227	285.374336465555	0.002958
9	21357	286.374436465555	0.003058
9	21488	287.374216465555	0.002838
9	21615	288.374516465555	0.003138
9	21745	289.374516465555	0.003138
9	21875	290.374576465555	0.003198
9	22005	291.374596465555	0.003218
9	22136	292.374236465555	0.002858
9	22266	293.374536465555	0.003158
9	22397	294.374156465555	0.002778
9	22528	295.374616465555	0.003238
9	22659	296.374276465555	0.002898
9	22790	297.374156465555	0.002778
9	22921	298.374176465555	0.002798
9	23052	299.374096465555	0.002718
9	23183	300.374236465555	0.002858
9	23314	301.374436465555	0.003058
9	23444	302.374196465555	0.002818
9	23574	303.374256465555	0.002878
9	23702	304.374236465555	0.002858
9	23830	305.374256465555	0.002878
9	23957	306.374456465555	0.003078
9	24087	307.374476465555	0.003098
9	24218	308.374136465555	0.002758
9	24348	309.374536465555	0.003158
9	24478	310.374556465555	0.003178
9	24608	311.374556465555	0.003178
9	24738	312.374376465555	0.002998
9	24868	313.374256465555	0.002878
9	24999	314.374036465555	0.002658
9	25129	315.374516465555	0.003138
9	25260	316.374236465555	0.002858
9	25390	317.374196465555	0.002818
9	25520	318.374396465555	0.003018
9	25651	319.373996465555	0.002618
9	25782	320.374296465555	0.002918
9	25913	321.374536465555	0.003158
9	26044	322.374116465555	0.002738
9	26174	323.374556465555	0.003178
9	26305	324.374376465555	0.002998
9	26436	325.374376465555	0.002998
9	26564	326.374016465555	0.002638
9	26695	327.374016465555	0.002638
9	26826	328.374516465555	0.003138
9	26957	329.374016465555	0.002638
9	27087	330.374496465555	0.003118
9	27217	331.374536465555	0.003158
9	27347	332.374256465555	0.002878
9	27477	333.374136465555	0.002758
9	27607	334.374616465555	0.003238
9	27738	335.374536465555	0.003158
9	27869	336.374496465555	0.003118
9	27999	337.374496465555	0.003118
9	28129	338.374596465555	0.003218
9	28260	339.374516465555	0.003138
9	28391	340.374016465555	0.002638
9	28522	341.374116465555	0.002738
9	28652	342.374556465555	0.003178
9	28782	343.374616465555	0.003238
9	28913	344.374036465555	0.002658
9	29044	345.374116465555	0.002738
9	29174	346.374316465555	0.002938
9	29305	347.374096465555	0.002718
9	29436	348.374556465555	0.003178
9	29567	349.373996465555	0.002618
9	29697	350.374456465555	0.003078
9	29825	351.374196465555	0.002818
9	29956	352.374236465555	0.002858
9	30086	353.374536465555	0.003158
9	30216	354.374496465555	0.003118
9	30347	355.373996465555	0.002618
9	30477	356.374436465555	0.003058
9	30608	357.374216465555	0.002838
9	31124	366.374216465555	0.002838
9	31255	367.374376465555	0.002998
9	31386	368.374096465555	0.002718
9	31517	369.374336465555	0.002958
9	31648	370.374456465555	0.003078
9	31779	371.374156465555	0.002778
9	31907	372.374056465555	0.002678
9	32038	373.373996465555	0.002618
9	32165	374.374596465555	0.003218
9	32296	375.374036465555	0.002658
9	32424	376.374276465555	0.002898
9	32555	377.374176465555	0.002798
9	32686	378.374156465555	0.002778
9	32817	379.374276465555	0.002898
9	32944	380.374076465555	0.002698
9	33074	381.374196465555	0.002818
9	33205	382.374196465555	0.002818
9	33335	383.374616465555	0.003238
9	33465	384.374416465555	0.003038
9	33592	385.374556465555	0.003178
9	33724	386.374056465555	0.002678
9	33854	387.374616465555	0.003238
9	33985	388.374176465555	0.002798
9	34112	389.374556465555	0.003178
9	34243	390.374116465555	0.002738
9	34374	391.374216465555	0.002838
9	34504	392.374596465555	0.003218
9	34634	393.374536465555	0.003158
9	34802	394.376038465555	0.00466
9	34933	395.374456465555	0.003078
9	35064	396.374156465555	0.002778
9	35195	397.374016465555	0.002638
9	35326	398.373996465555	0.002618
9	35456	399.374596465555	0.003218
9	35586	400.374076465555	0.002698
9	35717	401.374076465555	0.002698
9	35847	402.374576465555	0.003198
9	35977	403.374356465555	0.002978
9	36107	404.374456465555	0.003078
9	36237	405.374596465555	0.003218
9	36367	406.374616465555	0.003238
9	36498	407.374076465555	0.002698
9	36628	408.374296465555	0.002918
9	36758	409.374556465555	0.003178
9	36889	410.374436465555	0.003058
9	37020	411.374156465555	0.002778
9	37150	412.374496465555	0.003118
9	37280	413.374456465555	0.003078
9	37411	414.374236465555	0.002858
9	37542	415.374456465555	0.003078
9	37673	416.374036465555	0.002658
9	37804	417.374436465555	0.003058
9	37935	418.374416465555	0.003038
9	38066	419.374076465555	0.002698
9	38197	420.374076465555	0.002698
9	38327	421.374516465555	0.003138
9	38457	422.374276465555	0.002898
9	38588	423.374356465555	0.002978
9	38718	424.374496465555	0.003118
9	38848	425.374556465555	0.003178
9	38979	426.374536465555	0.003158
9	39106	427.374256465555	0.002878
9	39236	428.374296465555	0.002918
9	39366	429.374356465555	0.002978
9	39497	430.374076465555	0.002698
9	39627	431.374596465555	0.003218
9	39758	432.374316465555	0.002938
9	39888	433.374316465555	0.002938
9	40019	434.374136465555	0.002758
9	40149	435.374576465555	0.003198
9	40276	436.374156465555	0.002778
9	40406	437.374616465555	0.003238
9	40536	438.374176465555	0.002798
9	40667	439.373996465555	0.002618
9	40797	440.374256465555	0.002878
9	40928	441.374176465555	0.002798
9	41058	442.374556465555	0.003178
9	41189	443.374176465555	0.002798
9	41319	444.374496465555	0.003118
9	41450	445.374556465555	0.003178
9	41581	446.373996465555	0.002618
9	41712	447.374036465555	0.002658
9	41844	448.374416465555	0.003038
9	41972	449.374116465555	0.002738
9	42102	450.374256465555	0.002878
9	42232	451.374056465555	0.002678
9	42363	452.374076465555	0.002698
9	42494	453.374316465555	0.002938
9	42625	454.374016465555	0.002638
9	42756	455.374416465555	0.003038
9	42887	456.374016465555	0.002638
9	43018	457.374136465555	0.002758
9	43149	458.374196465555	0.002818
9	43279	459.374396465555	0.003018
9	43410	460.374156465555	0.002778
9	43537	461.374196465555	0.002818
9	43668	462.374356465555	0.002978
9	43796	463.374096465555	0.002718
9	43927	464.374216465555	0.002838
9	44058	465.374076465555	0.002698
9	44188	466.374396465555	0.003018
9	44319	467.374116465555	0.002738
9	44450	468.374296465555	0.002918
9	44581	469.374276465555	0.002898
9	44712	470.374056465555	0.002678
9	44842	471.374416465555	0.003038
9	44973	472.374376465555	0.002998
9	45103	473.374256465555	0.002878
9	45234	474.374036465555	0.002658
9	45365	475.374056465555	0.002678
9	45493	476.374176465555	0.002798
9	45623	477.374416465555	0.003038
9	45750	478.374336465555	0.002958
9	45880	479.374416465555	0.003038
9	46011	480.374016465555	0.002638
9	46141	481.374556465555	0.003178
9	46268	482.374076465555	0.002698
9	46398	483.374616465555	0.003238
9	46528	484.374416465555	0.003038
9	46656	485.373996465555	0.002618
9	46783	486.374316465555	0.002938
9	46913	487.374456465555	0.003078
9	47044	488.374456465555	0.003078
9	47175	489.374316465555	0.002938
9	47307	490.374216465555	0.002838
9	47438	491.374256465555	0.002878
9	47569	492.374556465555	0.003178
9	47700	493.374296465555	0.002918
9	47831	494.374076465555	0.002698
9	47962	495.374236465555	0.002858
9	48092	496.374116465555	0.002738
9	48223	497.374216465555	0.002838
9	48354	498.374316465555	0.002938
9	48485	499.374016465555	0.002638
9	48616	500.373996465555	0.002618
9	48744	501.373996465555	0.002618
9	48875	502.374076465555	0.002698
9	49005	503.374496465555	0.003118
9	49136	504.374296465555	0.002918
9	49264	505.374156465555	0.002778
9	49395	506.374256465555	0.002878
9	49526	507.374056465555	0.002678
9	49657	508.374036465555	0.002658
9	49788	509.374076465555	0.002698
9	51094	572.375478465555	0.0041
9	51225	573.374036465555	0.002658
9	51355	574.374556465555	0.003178
9	51486	575.374276465555	0.002898
9	51616	576.374496465555	0.003118
9	51746	577.374616465555	0.003238
9	51876	578.374216465555	0.002838
9	52006	579.374616465555	0.003238
9	52137	580.374116465555	0.002738
9	52268	581.374196465555	0.002818
9	52398	582.374356465555	0.002978
9	52529	583.374356465555	0.002978
9	52660	584.374356465555	0.002978
9	52791	585.374116465555	0.002738
9	52922	586.374036465555	0.002658
9	53053	587.374556465555	0.003178
9	53183	588.374496465555	0.003118
9	53314	589.374096465555	0.002718
9	53444	590.374576465555	0.003198
9	53571	591.374496465555	0.003118
9	53702	592.374016465555	0.002638
9	53832	593.374476465555	0.003098
9	53962	594.374476465555	0.003098
9	54093	595.374156465555	0.002778
9	54224	596.374096465555	0.002718
9	54352	597.374016465555	0.002638
9	54482	598.374136465555	0.002758
9	54613	599.374316465555	0.002938
9	54744	600.373996465555	0.002618
9	54874	601.374216465555	0.002838
9	55004	602.374496465555	0.003118
9	55135	603.374276465555	0.002898
9	55265	604.374436465555	0.003058
9	55396	605.374536465555	0.003158
9	55526	606.374596465555	0.003218
9	55657	607.374316465555	0.002938
9	55787	608.374476465555	0.003098
9	55917	609.374276465555	0.002898
9	56049	610.374056465555	0.002678
9	56180	611.374116465555	0.002738
9	56311	612.374056465555	0.002678
9	56442	613.374036465555	0.002658
9	56573	614.374076465555	0.002698
9	56703	615.374176465555	0.002798
9	56834	616.374296465555	0.002918
9	56966	617.374276465555	0.002898
9	57097	618.374316465555	0.002938
9	57228	619.374236465555	0.002858
9	57355	620.374076465555	0.002698
9	57486	621.374116465555	0.002738
9	57616	622.374536465555	0.003158
9	57747	623.374156465555	0.002778
9	57874	624.374476465555	0.003098
9	58005	625.374556465555	0.003178
9	58136	626.374256465555	0.002878
9	58267	627.374356465555	0.002978
9	58398	628.374276465555	0.002898
9	58528	629.374556465555	0.003178
9	58659	630.373996465555	0.002618
9	58789	631.374616465555	0.003238
9	58921	632.374016465555	0.002638
9	59052	633.373996465555	0.002618
9	59182	634.374236465555	0.002858
9	59312	635.374196465555	0.002818
9	59443	636.374096465555	0.002718
9	59570	637.374356465555	0.002978
9	59697	638.374316465555	0.002938
9	59827	639.374336465555	0.002958
9	59958	640.374036465555	0.002658
9	60088	641.374496465555	0.003118
9	60219	642.374536465555	0.003158
9	60349	643.374476465555	0.003098
9	60476	644.374256465555	0.002878
9	60606	645.374476465555	0.003098
9	60737	646.374116465555	0.002738
9	60868	647.374136465555	0.002758
9	60999	648.374396465555	0.003018
9	61129	649.374196465555	0.002818
9	61259	650.374516465555	0.003138
9	61390	651.374176465555	0.002798
9	61520	652.374516465555	0.003138
9	61651	653.374076465555	0.002698
9	61781	654.374496465555	0.003118
9	61912	655.374336465555	0.002958
9	62043	656.374016465555	0.002638
9	62174	657.374116465555	0.002738
9	62304	658.374196465555	0.002818
9	62425	659.374416465555	0.003038
9	62556	660.374396465555	0.003018
9	62687	661.374036465555	0.002658
9	62817	662.374416465555	0.003038
9	62948	663.374416465555	0.003038
9	63079	664.374296465555	0.002918
9	63209	665.374576465555	0.003198
9	63340	666.374336465555	0.002958
9	63471	667.374056465555	0.002678
9	63602	668.374516465555	0.003138
9	63733	669.374096465555	0.002718
9	63864	670.374036465555	0.002658
9	63995	671.374536465555	0.003158
9	64125	672.374376465555	0.002998
9	64256	673.374316465555	0.002938
9	64386	674.374556465555	0.003178
9	64516	675.374516465555	0.003138
9	64647	676.374296465555	0.002918
9	64778	677.374096465555	0.002718
9	64908	678.374516465555	0.003138
9	65040	679.374096465555	0.002718
9	65170	680.374476465555	0.003098
9	65301	681.374076465555	0.002698
9	65431	682.374416465555	0.003038
9	65562	683.374576465555	0.003198
9	65693	684.374036465555	0.002658
9	65823	685.374356465555	0.002978
9	65954	686.374396465555	0.003018
9	66085	687.374216465555	0.002838
9	66216	688.374236465555	0.002858
9	66347	689.374296465555	0.002918
9	66477	690.374436465555	0.003058
9	66607	691.374036465555	0.002658
9	66775	692.375538465555	0.00416
9	66902	693.374416465555	0.003038
9	67032	694.374256465555	0.002878
9	67163	695.374036465555	0.002658
9	67294	696.374356465555	0.002978
9	67424	697.374296465555	0.002918
9	67555	698.374336465555	0.002958
9	67686	699.374476465555	0.003098
9	67816	700.374296465555	0.002918
9	67947	701.374076465555	0.002698
9	68077	702.374236465555	0.002858
9	68208	703.374216465555	0.002838
9	68339	704.374216465555	0.002838
9	68470	705.374336465555	0.002958
9	68597	706.374416465555	0.003038
9	68727	707.374176465555	0.002798
9	68858	708.374476465555	0.003098
9	68989	709.374316465555	0.002938
9	69119	710.374296465555	0.002918
9	69249	711.374236465555	0.002858
9	69379	712.374516465555	0.003138
9	69510	713.374056465555	0.002678
9	69640	714.374176465555	0.002798
9	69771	715.374076465555	0.002698
9	69902	716.374176465555	0.002798
9	70033	717.374496465555	0.003118
9	70163	718.374096465555	0.002718
9	70290	719.374416465555	0.003038
9	70421	720.374276465555	0.002898
9	70551	721.374336465555	0.002958
9	70682	722.374556465555	0.003178
9	70812	723.374096465555	0.002718
9	70942	724.374416465555	0.003038
9	71072	725.374216465555	0.002838
9	71203	726.374276465555	0.002898
9	71334	727.374476465555	0.003098
9	71464	728.374396465555	0.003018
9	71595	729.374176465555	0.002798
9	71725	730.374516465555	0.003138
9	71856	731.374536465555	0.003158
9	71986	732.374496465555	0.003118
9	72116	733.374496465555	0.003118
9	72247	734.374036465555	0.002658
9	72377	735.374336465555	0.002958
9	72505	736.374316465555	0.002938
9	72635	737.374556465555	0.003178
9	72767	738.374116465555	0.002738
9	72898	739.374216465555	0.002838
9	73025	740.374596465555	0.003218
9	73156	741.374476465555	0.003098
9	73283	742.374236465555	0.002858
9	73414	743.374016465555	0.002638
9	73544	744.374296465555	0.002918
9	73674	745.374616465555	0.003238
9	73805	746.374416465555	0.003038
9	73936	747.374476465555	0.003098
9	74067	748.374196465555	0.002818
9	74197	749.374196465555	0.002818
9	74327	750.374356465555	0.002978
9	74457	751.374256465555	0.002878
9	74585	752.374096465555	0.002718
9	74716	753.374076465555	0.002698
9	74843	754.374596465555	0.003218
9	74974	755.374116465555	0.002738
9	75104	756.374536465555	0.003158
9	75231	757.374616465555	0.003238
9	75362	758.374036465555	0.002658
9	75492	759.374396465555	0.003018
9	75623	760.374436465555	0.003058
9	75754	761.374356465555	0.002978
9	75884	762.374376465555	0.002998
9	76014	763.374616465555	0.003238
9	76145	764.374296465555	0.002918
9	76275	765.374236465555	0.002858
9	76405	766.374336465555	0.002958
9	76536	767.374236465555	0.002858
9	76666	768.374176465555	0.002798
9	76797	769.374536465555	0.003158
9	76925	770.374416465555	0.003038
9	77056	771.374136465555	0.002758
9	77187	772.374096465555	0.002718
9	77317	773.374396465555	0.003018
9	77448	774.374376465555	0.002998
9	77578	775.374376465555	0.002998
9	77708	776.374616465555	0.003238
9	77835	777.374356465555	0.002978
9	77965	778.374416465555	0.003038
9	78095	779.374596465555	0.003218
9	78226	780.374356465555	0.002978
9	78356	781.374296465555	0.002918
9	78484	782.374016465555	0.002638
9	78615	783.374336465555	0.002958
9	78745	784.374356465555	0.002978
9	78876	785.374136465555	0.002758
9	79007	786.374116465555	0.002738
9	79137	787.374356465555	0.002978
9	79265	788.374196465555	0.002818
9	79395	789.374276465555	0.002898
9	79525	790.374336465555	0.002958
9	79656	791.374256465555	0.002878
9	79786	792.374576465555	0.003198
9	79917	793.374036465555	0.002658
9	80047	794.374556465555	0.003178
9	80177	795.374556465555	0.003178
9	80307	796.374156465555	0.002778
9	80439	797.374096465555	0.002718
9	80569	798.374436465555	0.003058
9	80700	799.374456465555	0.003078
9	80830	800.374516465555	0.003138
9	80961	801.374036465555	0.002658
9	81092	802.374156465555	0.002778
9	81223	803.374316465555	0.002938
9	81353	804.374356465555	0.002978
9	81483	805.374276465555	0.002898
9	81613	806.374096465555	0.002718
9	81744	807.374036465555	0.002658
9	81875	808.374536465555	0.003158
9	82005	809.374576465555	0.003198
9	82136	810.374376465555	0.002998
9	82267	811.374136465555	0.002758
9	82397	812.374416465555	0.003038
9	82567	813.374918465555	0.00354
9	82698	814.374336465555	0.002958
9	82829	815.374036465555	0.002658
9	82959	816.374416465555	0.003038
9	83090	817.374536465555	0.003158
9	83220	818.374276465555	0.002898
9	83350	819.374576465555	0.003198
9	83481	820.374276465555	0.002898
9	83612	821.374016465555	0.002638
9	83743	822.374036465555	0.002658
9	83874	823.374096465555	0.002718
9	84005	824.374196465555	0.002818
9	84136	825.374416465555	0.003038
9	84267	826.374256465555	0.002878
9	84398	827.374096465555	0.002718
9	84528	828.374316465555	0.002938
9	84658	829.374316465555	0.002938
9	84789	830.374036465555	0.002658
9	84919	831.374596465555	0.003218
9	85047	832.374216465555	0.002838
9	85174	833.374216465555	0.002838
9	85305	834.374116465555	0.002738
9	85436	835.374016465555	0.002638
9	85566	836.374476465555	0.003098
9	85697	837.374176465555	0.002798
9	85828	838.374096465555	0.002718
9	85956	839.374136465555	0.002758
9	86086	840.374216465555	0.002838
9	90485	978.375298465555	2.00392
9	90608	978.378870465555	1.007492
9	90732	978.381882465555	0.010504
9	90863	979.374076465555	0.002698
9	90993	980.374596465555	0.003218
9	91124	981.374236465555	0.002858
9	91254	982.374236465555	0.002858
9	91385	983.374456465555	0.003078
9	91515	984.374236465555	0.002858
9	91646	985.374576465555	0.003198
9	91776	986.374436465555	0.003058
9	91906	987.374236465555	0.002858
9	92036	988.374556465555	0.003178
9	92166	989.374576465555	0.003198
9	92296	990.374356465555	0.002978
9	92427	991.374456465555	0.003078
9	92558	992.374196465555	0.002818
9	92689	993.374016465555	0.002638
9	92820	994.374116465555	0.002738
9	92950	995.374276465555	0.002898
9	93081	996.374336465555	0.002958
9	93211	997.374616465555	0.003238
9	93342	998.374436465555	0.003058
9	93473	999.374196465555	0.002818
10	4714	97.374556465555	85
10	9114	133.374296465555	89
10	19792	274.375658465555	172
10	31124	366.374216465555	180
10	51094	572.375478465555	242
10	90485	978.375298465555	377
12	7	3.371378465555	0
12	176	4.371378465555	1
12	307	5.371378465555	2
12	438	6.371378465555	3
12	569	7.371378465555	4
12	699	8.371378465555	5
12	830	9.371378465555	6
12	961	10.371378465555	7
12	1092	11.371378465555	8
12	1222	12.371378465555	9
12	1270	13.371378465555	10
12	1318	14.371378465555	11
12	1366	15.371378465555	12
12	1414	16.371378465555	13
12	1462	17.371378465555	14
12	1510	18.371378465555	15
12	1558	19.371378465555	16
12	1606	20.371378465555	17
12	1654	21.371378465555	18
12	1702	22.371378465555	19
12	1750	23.371378465555	20
12	1798	24.371378465555	21
12	1846	25.371378465555	22
12	1894	26.371378465555	23
12	1942	27.371378465555	24
12	1990	28.371378465555	25
12	2038	29.371378465555	26
12	2086	30.371378465555	27
12	2134	31.371378465555	28
12	2182	32.371378465555	29
12	2230	33.371378465555	30
12	2278	34.371378465555	31
12	2326	35.371378465555	32
12	2374	36.371378465555	33
12	2422	37.371378465555	34
12	2470	38.371378465555	35
12	2508	39.371378465555	36
12	2544	40.371378465555	37
12	2580	41.371378465555	38
12	2616	42.371378465555	39
12	2652	43.371378465555	40
12	2688	44.371378465555	41
12	2724	45.371378465555	42
12	2760	46.371378465555	43
12	2796	47.371378465555	44
12	2832	48.371378465555	45
12	2868	49.371378465555	46
12	2904	50.371378465555	47
12	2941	51.371378465555	48
12	2977	52.371378465555	49
12	3013	53.371378465555	50
12	3049	54.371378465555	51
12	3085	55.371378465555	52
12	3121	56.371378465555	53
12	3157	57.371378465555	54
12	3193	58.371378465555	55
12	3229	59.371378465555	56
12	3265	60.371378465555	57
12	3302	61.371378465555	58
12	3338	62.371378465555	59
12	3374	63.371378465555	60
12	3410	64.371378465555	61
12	3446	65.371378465555	62
12	3482	66.371378465555	63
12	3518	67.371378465555	64
12	3554	68.371378465555	65
12	3590	69.371378465555	66
12	3626	70.371378465555	67
12	3662	71.371378465555	68
12	3698	72.371378465555	69
12	3734	73.371378465555	70
12	3770	74.371378465555	71
12	3806	75.371378465555	72
12	3842	76.371378465555	73
12	3878	77.371378465555	74
12	3914	78.371378465555	75
12	3950	79.371378465555	76
12	3986	80.371378465555	77
12	4022	81.371378465555	78
12	4058	82.371378465555	79
12	4094	83.371378465555	80
12	4130	84.371378465555	81
12	4166	85.371378465555	82
12	4202	86.371378465555	83
12	4238	87.371378465555	84
12	4274	88.371378465555	85
12	4310	89.371378465555	86
12	4346	90.371378465555	87
12	4382	91.371378465555	88
12	4418	92.371378465555	89
12	4454	93.371378465555	90
12	4490	94.371378465555	91
12	4526	95.371378465555	92
12	4562	96.371378465555	93
12	4599	97.371378465555	94
12	4729	98.371378465555	95
12	4860	99.371378465555	96
12	4990	100.371378465555	97
12	5121	101.371378465555	98
12	5249	102.371378465555	99
12	5379	103.371378465555	100
12	5510	104.371378465555	101
12	5641	105.371378465555	102
12	5771	106.371378465555	103
12	5902	107.371378465555	104
12	6033	108.371378465555	105
12	6164	109.371378465555	106
12	6295	110.371378465555	107
12	6425	111.371378465555	108
12	6555	112.371378465555	109
12	6685	113.371378465555	110
12	6816	114.371378465555	111
12	6944	115.371378465555	112
12	7075	116.371378465555	113
12	7206	117.371378465555	114
12	7336	118.371378465555	115
12	7467	119.371378465555	116
12	7598	120.371378465555	117
12	7725	121.371378465555	118
12	7855	122.371378465555	119
12	7985	123.371378465555	120
12	8154	124.371378465555	121
12	8284	125.371378465555	122
12	8414	126.371378465555	123
12	8545	127.371378465555	124
12	8675	128.371378465555	125
12	8805	129.371378465555	126
12	8854	130.371378465555	127
12	8903	131.371378465555	128
12	8951	132.371378465555	129
12	8999	133.371378465555	130
12	9129	134.371378465555	131
12	9259	135.371378465555	132
12	9390	136.371378465555	133
12	9521	137.371378465555	134
12	9649	138.371378465555	135
12	9780	139.371378465555	136
12	9910	140.371378465555	137
12	10040	141.371378465555	138
12	10171	142.371378465555	139
12	10302	143.371378465555	140
12	10433	144.371378465555	141
12	10564	145.371378465555	142
12	10692	146.371378465555	143
12	10822	147.371378465555	144
12	10953	148.371378465555	145
12	11083	149.371378465555	146
12	11210	150.371378465555	147
12	11340	151.371378465555	148
12	11470	152.371378465555	149
12	11600	153.371378465555	150
12	11731	154.371378465555	151
12	11862	155.371378465555	152
12	11992	156.371378465555	153
12	12122	157.371378465555	154
12	12252	158.371378465555	155
12	12382	159.371378465555	156
12	12506	160.371378465555	157
12	12637	161.371378465555	158
12	12768	162.371378465555	159
12	12895	163.371378465555	160
12	13026	164.371378465555	161
12	13157	165.371378465555	162
12	13285	166.371378465555	163
12	13416	167.371378465555	164
12	13547	168.371378465555	165
12	13678	169.371378465555	166
12	13809	170.371378465555	167
12	13939	171.371378465555	168
12	14070	172.371378465555	169
12	14201	173.371378465555	170
12	14332	174.371378465555	171
12	14463	175.371378465555	172
12	14593	176.371378465555	173
12	14720	177.371378465555	174
12	14850	178.371378465555	175
12	14981	179.371378465555	176
12	15111	180.371378465555	177
12	15242	181.371378465555	178
12	15372	182.371378465555	179
12	15503	183.371378465555	180
12	15633	184.371378465555	181
12	15764	185.371378465555	182
12	15894	186.371378465555	183
12	16025	187.371378465555	184
12	16156	188.371378465555	185
12	16287	189.371378465555	186
12	16417	190.371378465555	187
12	16548	191.371378465555	188
12	16596	192.371378465555	189
12	16644	193.371378465555	190
12	16693	194.371378465555	191
12	16742	195.371378465555	192
12	16790	196.371378465555	193
12	16838	197.371378465555	194
12	16886	198.371378465555	195
12	16934	199.371378465555	196
12	16983	200.371378465555	197
12	17031	201.371378465555	198
12	17079	202.371378465555	199
12	17127	203.371378465555	200
12	17175	204.371378465555	201
12	17223	205.371378465555	202
12	17271	206.371378465555	203
12	17319	207.371378465555	204
12	17367	208.371378465555	205
12	17415	209.371378465555	206
12	17463	210.371378465555	207
12	17511	211.371378465555	208
12	17559	212.371378465555	209
12	17607	213.371378465555	210
12	17655	214.371378465555	211
12	17703	215.371378465555	212
12	17751	216.371378465555	213
12	17799	217.371378465555	214
12	17847	218.371378465555	215
12	17895	219.371378465555	216
12	17943	220.371378465555	217
12	17991	221.371378465555	218
12	18039	222.371378465555	219
12	18087	223.371378465555	220
12	18135	224.371378465555	221
12	18183	225.371378465555	222
12	18231	226.371378465555	223
12	18279	227.371378465555	224
12	18327	228.371378465555	225
12	18375	229.371378465555	226
12	18423	230.371378465555	227
12	18472	231.371378465555	228
12	18520	232.371378465555	229
12	18568	233.371378465555	230
12	18617	234.371378465555	231
12	18665	235.371378465555	232
12	18713	236.371378465555	233
12	18761	237.371378465555	234
12	18809	238.371378465555	235
12	18857	239.371378465555	236
12	18905	240.371378465555	237
12	18953	241.371378465555	238
12	19001	242.371378465555	239
12	19049	243.371378465555	240
12	19097	244.371378465555	241
12	19114	245.371378465555	242
12	19132	246.371378465555	243
12	19150	247.371378465555	244
12	19168	248.371378465555	245
12	19186	249.371378465555	246
12	19204	250.371378465555	247
12	19222	251.371378465555	248
12	19240	252.371378465555	249
12	19258	253.371378465555	250
12	19276	254.371378465555	251
12	19294	255.371378465555	252
12	19312	256.371378465555	253
12	19330	257.371378465555	254
12	19348	258.371378465555	255
12	19366	259.371378465555	256
12	19384	260.371378465555	257
12	19402	261.371378465555	258
12	19420	262.371378465555	259
12	19438	263.371378465555	260
12	19456	264.371378465555	261
12	19474	265.371378465555	262
12	19493	266.371378465555	263
12	19511	267.371378465555	264
12	19529	268.371378465555	265
12	19547	269.371378465555	266
12	19565	270.371378465555	267
12	19583	271.371378465555	268
12	19601	272.371378465555	269
12	19619	273.371378465555	270
12	19637	274.371378465555	271
12	19807	275.371378465555	272
12	19938	276.371378465555	273
12	20068	277.371378465555	274
12	20198	278.371378465555	275
12	20328	279.371378465555	276
12	20460	280.371378465555	277
12	20590	281.371378465555	278
12	20720	282.371378465555	279
12	20851	283.371378465555	280
12	20982	284.371378465555	281
12	21112	285.371378465555	282
12	21242	286.371378465555	283
12	21372	287.371378465555	284
12	21500	288.371378465555	285
12	21630	289.371378465555	286
12	21760	290.371378465555	287
12	21890	291.371378465555	288
12	22020	292.371378465555	289
12	22151	293.371378465555	290
12	22281	294.371378465555	291
12	22413	295.371378465555	292
12	22543	296.371378465555	293
12	22674	297.371378465555	294
12	22805	298.371378465555	295
12	22936	299.371378465555	296
12	23067	300.371378465555	297
12	23199	301.371378465555	298
12	23329	302.371378465555	299
12	23459	303.371378465555	300
12	23586	304.371378465555	301
12	23714	305.371378465555	302
12	23845	306.371378465555	303
12	23972	307.371378465555	304
12	24102	308.371378465555	305
12	24233	309.371378465555	306
12	24363	310.371378465555	307
12	24493	311.371378465555	308
12	24623	312.371378465555	309
12	24753	313.371378465555	310
12	24883	314.371378465555	311
12	25014	315.371378465555	312
12	25144	316.371378465555	313
12	25275	317.371378465555	314
12	25405	318.371378465555	315
12	25535	319.371378465555	316
12	25666	320.371378465555	317
12	25798	321.371378465555	318
12	25928	322.371378465555	319
12	26059	323.371378465555	320
12	26189	324.371378465555	321
12	26320	325.371378465555	322
12	26448	326.371378465555	323
12	26579	327.371378465555	324
12	26710	328.371378465555	325
12	26841	329.371378465555	326
12	26972	330.371378465555	327
12	27102	331.371378465555	328
12	27232	332.371378465555	329
12	27362	333.371378465555	330
12	27492	334.371378465555	331
12	27622	335.371378465555	332
12	27753	336.371378465555	333
12	27884	337.371378465555	334
12	28014	338.371378465555	335
12	28144	339.371378465555	336
12	28275	340.371378465555	337
12	28406	341.371378465555	338
12	28537	342.371378465555	339
12	28667	343.371378465555	340
12	28797	344.371378465555	341
12	28928	345.371378465555	342
12	29059	346.371378465555	343
12	29189	347.371378465555	344
12	29320	348.371378465555	345
12	29451	349.371378465555	346
12	29582	350.371378465555	347
12	29709	351.371378465555	348
12	29840	352.371378465555	349
12	29971	353.371378465555	350
12	30101	354.371378465555	351
12	30231	355.371378465555	352
12	30362	356.371378465555	353
12	30492	357.371378465555	354
12	30623	358.371378465555	355
12	30671	359.371378465555	356
12	30719	360.371378465555	357
12	30767	361.371378465555	358
12	30815	362.371378465555	359
12	30864	363.371378465555	360
12	30912	364.371378465555	361
12	30960	365.371378465555	362
12	31008	366.371378465555	363
12	31139	367.371378465555	364
12	31270	368.371378465555	365
12	31401	369.371378465555	366
12	31532	370.371378465555	367
12	31663	371.371378465555	368
12	31791	372.371378465555	369
12	31922	373.371378465555	370
12	32050	374.371378465555	371
12	32180	375.371378465555	372
12	32308	376.371378465555	373
12	32439	377.371378465555	374
12	32570	378.371378465555	375
12	32701	379.371378465555	376
12	32832	380.371378465555	377
12	32959	381.371378465555	378
12	33089	382.371378465555	379
12	33220	383.371378465555	380
12	33350	384.371378465555	381
12	33480	385.371378465555	382
12	33608	386.371378465555	383
12	33739	387.371378465555	384
12	33869	388.371378465555	385
12	34000	389.371378465555	386
12	34127	390.371378465555	387
12	34258	391.371378465555	388
12	34389	392.371378465555	389
12	34519	393.371378465555	390
12	34649	394.371378465555	391
12	34817	395.371378465555	392
12	34948	396.371378465555	393
12	35079	397.371378465555	394
12	35210	398.371378465555	395
12	35341	399.371378465555	396
12	35471	400.371378465555	397
12	35601	401.371378465555	398
12	35732	402.371378465555	399
12	35862	403.371378465555	400
12	35992	404.371378465555	401
12	36122	405.371378465555	402
12	36252	406.371378465555	403
12	36382	407.371378465555	404
12	36513	408.371378465555	405
12	36643	409.371378465555	406
12	36773	410.371378465555	407
12	36904	411.371378465555	408
12	37035	412.371378465555	409
12	37165	413.371378465555	410
12	37295	414.371378465555	411
12	37426	415.371378465555	412
12	37557	416.371378465555	413
12	37689	417.371378465555	414
12	37819	418.371378465555	415
12	37950	419.371378465555	416
12	38081	420.371378465555	417
12	38212	421.371378465555	418
12	38342	422.371378465555	419
12	38472	423.371378465555	420
12	38603	424.371378465555	421
12	38733	425.371378465555	422
12	38863	426.371378465555	423
12	38994	427.371378465555	424
12	39121	428.371378465555	425
12	39251	429.371378465555	426
12	39381	430.371378465555	427
12	39512	431.371378465555	428
12	39643	432.371378465555	429
12	39773	433.371378465555	430
12	39903	434.371378465555	431
12	40034	435.371378465555	432
12	40161	436.371378465555	433
12	40291	437.371378465555	434
12	40421	438.371378465555	435
12	40551	439.371378465555	436
12	40682	440.371378465555	437
12	40812	441.371378465555	438
12	40943	442.371378465555	439
12	41073	443.371378465555	440
12	41204	444.371378465555	441
12	41334	445.371378465555	442
12	41465	446.371378465555	443
12	41596	447.371378465555	444
12	41728	448.371378465555	445
12	41856	449.371378465555	446
12	41987	450.371378465555	447
12	42117	451.371378465555	448
12	42247	452.371378465555	449
12	42378	453.371378465555	450
12	42509	454.371378465555	451
12	42640	455.371378465555	452
12	42771	456.371378465555	453
12	42902	457.371378465555	454
12	43033	458.371378465555	455
12	43164	459.371378465555	456
12	43294	460.371378465555	457
12	43425	461.371378465555	458
12	43552	462.371378465555	459
12	43680	463.371378465555	460
12	43811	464.371378465555	461
12	43942	465.371378465555	462
12	44073	466.371378465555	463
12	44203	467.371378465555	464
12	44334	468.371378465555	465
12	44465	469.371378465555	466
12	44596	470.371378465555	467
12	44727	471.371378465555	468
12	44857	472.371378465555	469
12	44988	473.371378465555	470
12	45118	474.371378465555	471
12	45249	475.371378465555	472
12	45377	476.371378465555	473
12	45508	477.371378465555	474
12	45635	478.371378465555	475
12	45765	479.371378465555	476
12	45895	480.371378465555	477
12	46026	481.371378465555	478
12	46153	482.371378465555	479
12	46283	483.371378465555	480
12	46413	484.371378465555	481
12	46540	485.371378465555	482
12	46668	486.371378465555	483
12	46798	487.371378465555	484
12	46928	488.371378465555	485
12	47059	489.371378465555	486
12	47191	490.371378465555	487
12	47322	491.371378465555	488
12	47453	492.371378465555	489
12	47584	493.371378465555	490
12	47715	494.371378465555	491
12	47846	495.371378465555	492
12	47977	496.371378465555	493
12	48107	497.371378465555	494
12	48238	498.371378465555	495
12	48369	499.371378465555	496
12	48500	500.371378465555	497
12	48628	501.371378465555	498
12	48759	502.371378465555	499
12	48890	503.371378465555	500
12	49020	504.371378465555	501
12	49148	505.371378465555	502
12	49280	506.371378465555	503
12	49410	507.371378465555	504
12	49541	508.371378465555	505
12	49672	509.371378465555	506
12	49803	510.371378465555	507
12	49851	511.371378465555	508
12	49899	512.371378465555	509
12	49947	513.371378465555	510
12	49995	514.371378465555	511
12	50043	515.371378465555	512
12	50060	516.371378465555	513
12	50078	517.371378465555	514
12	50096	518.371378465555	515
12	50114	519.371378465555	516
12	50132	520.371378465555	517
12	50150	521.371378465555	518
12	50168	522.371378465555	519
12	50186	523.371378465555	520
12	50204	524.371378465555	521
12	50222	525.371378465555	522
12	50240	526.371378465555	523
12	50258	527.371378465555	524
12	50276	528.371378465555	525
12	50293	529.371378465555	526
12	50310	530.371378465555	527
12	50325	531.371378465555	528
12	50341	532.371378465555	529
12	50356	533.371378465555	530
12	50371	534.371378465555	531
12	50386	535.371378465555	532
12	50401	536.371378465555	533
12	50416	537.371378465555	534
12	50431	538.371378465555	535
12	50446	539.371378465555	536
12	50461	540.371378465555	537
12	50477	541.371378465555	538
12	50492	542.371378465555	539
12	50507	543.371378465555	540
12	50522	544.371378465555	541
12	50537	545.371378465555	542
12	50552	546.371378465555	543
12	50567	547.371378465555	544
12	50582	548.371378465555	545
12	50597	549.371378465555	546
12	50612	550.371378465555	547
12	50627	551.371378465555	548
12	50642	552.371378465555	549
12	50657	553.371378465555	550
12	50672	554.371378465555	551
12	50687	555.371378465555	552
12	50702	556.371378465555	553
12	50717	557.371378465555	554
12	50732	558.371378465555	555
12	50747	559.371378465555	556
12	50762	560.371378465555	557
12	50777	561.371378465555	558
12	50792	562.371378465555	559
12	50807	563.371378465555	560
12	50822	564.371378465555	561
12	50837	565.371378465555	562
12	50852	566.371378465555	563
12	50864	567.371378465555	564
12	50879	568.371378465555	565
12	50894	569.371378465555	566
12	50909	570.371378465555	567
12	50924	571.371378465555	568
12	50940	572.371378465555	569
12	51109	573.371378465555	570
12	51240	574.371378465555	571
12	51370	575.371378465555	572
12	51501	576.371378465555	573
12	51631	577.371378465555	574
12	51761	578.371378465555	575
12	51891	579.371378465555	576
12	52021	580.371378465555	577
12	52152	581.371378465555	578
12	52283	582.371378465555	579
12	52413	583.371378465555	580
12	52544	584.371378465555	581
12	52675	585.371378465555	582
12	52806	586.371378465555	583
12	52937	587.371378465555	584
12	53068	588.371378465555	585
12	53198	589.371378465555	586
12	53329	590.371378465555	587
12	53456	591.371378465555	588
12	53586	592.371378465555	589
12	53717	593.371378465555	590
12	53847	594.371378465555	591
12	53977	595.371378465555	592
12	54108	596.371378465555	593
12	54236	597.371378465555	594
12	54367	598.371378465555	595
12	54497	599.371378465555	596
12	54628	600.371378465555	597
12	54759	601.371378465555	598
12	54889	602.371378465555	599
12	55019	603.371378465555	600
12	55150	604.371378465555	601
12	55280	605.371378465555	602
12	55411	606.371378465555	603
12	55542	607.371378465555	604
12	55672	608.371378465555	605
12	55802	609.371378465555	606
12	55933	610.371378465555	607
12	56064	611.371378465555	608
12	56195	612.371378465555	609
12	56326	613.371378465555	610
12	56457	614.371378465555	611
12	56588	615.371378465555	612
12	56718	616.371378465555	613
12	56850	617.371378465555	614
12	56981	618.371378465555	615
12	57112	619.371378465555	616
12	57243	620.371378465555	617
12	57370	621.371378465555	618
12	57501	622.371378465555	619
12	57631	623.371378465555	620
12	57762	624.371378465555	621
12	57889	625.371378465555	622
12	58020	626.371378465555	623
12	58151	627.371378465555	624
12	58282	628.371378465555	625
12	58413	629.371378465555	626
12	58543	630.371378465555	627
12	58674	631.371378465555	628
12	58805	632.371378465555	629
12	58936	633.371378465555	630
12	59067	634.371378465555	631
12	59197	635.371378465555	632
12	59327	636.371378465555	633
12	59458	637.371378465555	634
12	59585	638.371378465555	635
12	59712	639.371378465555	636
12	59842	640.371378465555	637
12	59973	641.371378465555	638
12	60103	642.371378465555	639
12	60234	643.371378465555	640
12	60361	644.371378465555	641
12	60491	645.371378465555	642
12	60621	646.371378465555	643
12	60752	647.371378465555	644
12	60883	648.371378465555	645
12	61014	649.371378465555	646
12	61144	650.371378465555	647
12	61274	651.371378465555	648
12	61405	652.371378465555	649
12	61535	653.371378465555	650
12	61666	654.371378465555	651
12	61796	655.371378465555	652
12	61927	656.371378465555	653
12	62058	657.371378465555	654
12	62189	658.371378465555	655
12	62313	659.371378465555	656
12	62440	660.371378465555	657
12	62571	661.371378465555	658
12	62702	662.371378465555	659
12	62832	663.371378465555	660
12	62963	664.371378465555	661
12	63094	665.371378465555	662
12	63224	666.371378465555	663
12	63355	667.371378465555	664
12	63486	668.371378465555	665
12	63617	669.371378465555	666
12	63748	670.371378465555	667
12	63879	671.371378465555	668
12	64010	672.371378465555	669
12	64140	673.371378465555	670
12	64271	674.371378465555	671
12	64401	675.371378465555	672
12	64532	676.371378465555	673
12	64662	677.371378465555	674
12	64793	678.371378465555	675
12	64924	679.371378465555	676
12	65055	680.371378465555	677
12	65185	681.371378465555	678
12	65316	682.371378465555	679
12	65447	683.371378465555	680
12	65577	684.371378465555	681
12	65708	685.371378465555	682
12	65838	686.371378465555	683
12	65969	687.371378465555	684
12	66100	688.371378465555	685
12	66231	689.371378465555	686
12	66362	690.371378465555	687
12	66492	691.371378465555	688
12	66622	692.371378465555	689
12	66787	693.371378465555	690
12	66917	694.371378465555	691
12	67047	695.371378465555	692
12	67178	696.371378465555	693
12	67309	697.371378465555	694
12	67439	698.371378465555	695
12	67570	699.371378465555	696
12	67701	700.371378465555	697
12	67831	701.371378465555	698
12	67962	702.371378465555	699
12	68092	703.371378465555	700
12	68223	704.371378465555	701
12	68354	705.371378465555	702
12	68482	706.371378465555	703
12	68612	707.371378465555	704
12	68743	708.371378465555	705
12	68873	709.371378465555	706
12	69004	710.371378465555	707
12	69134	711.371378465555	708
12	69264	712.371378465555	709
12	69394	713.371378465555	710
12	69525	714.371378465555	711
12	69655	715.371378465555	712
12	69786	716.371378465555	713
12	69917	717.371378465555	714
12	70048	718.371378465555	715
12	70175	719.371378465555	716
12	70305	720.371378465555	717
12	70436	721.371378465555	718
12	70566	722.371378465555	719
12	70697	723.371378465555	720
12	70827	724.371378465555	721
12	70957	725.371378465555	722
12	71087	726.371378465555	723
12	71218	727.371378465555	724
12	71349	728.371378465555	725
12	71479	729.371378465555	726
12	71610	730.371378465555	727
12	71740	731.371378465555	728
12	71871	732.371378465555	729
12	72001	733.371378465555	730
12	72131	734.371378465555	731
12	72262	735.371378465555	732
12	72389	736.371378465555	733
12	72520	737.371378465555	734
12	72651	738.371378465555	735
12	72782	739.371378465555	736
12	72910	740.371378465555	737
12	73040	741.371378465555	738
12	73171	742.371378465555	739
12	73298	743.371378465555	740
12	73429	744.371378465555	741
12	73559	745.371378465555	742
12	73689	746.371378465555	743
12	73821	747.371378465555	744
12	73951	748.371378465555	745
12	74082	749.371378465555	746
12	74212	750.371378465555	747
12	74342	751.371378465555	748
12	74469	752.371378465555	749
12	74600	753.371378465555	750
12	74728	754.371378465555	751
12	74858	755.371378465555	752
12	74989	756.371378465555	753
12	75116	757.371378465555	754
12	75246	758.371378465555	755
12	75377	759.371378465555	756
12	75507	760.371378465555	757
12	75638	761.371378465555	758
12	75769	762.371378465555	759
12	75899	763.371378465555	760
12	76029	764.371378465555	761
12	76160	765.371378465555	762
12	76290	766.371378465555	763
12	76420	767.371378465555	764
12	76551	768.371378465555	765
12	76682	769.371378465555	766
12	76810	770.371378465555	767
12	76940	771.371378465555	768
12	77071	772.371378465555	769
12	77202	773.371378465555	770
12	77332	774.371378465555	771
12	77463	775.371378465555	772
12	77593	776.371378465555	773
12	77723	777.371378465555	774
12	77850	778.371378465555	775
12	77980	779.371378465555	776
12	78110	780.371378465555	777
12	78241	781.371378465555	778
12	78372	782.371378465555	779
12	78499	783.371378465555	780
12	78630	784.371378465555	781
12	78760	785.371378465555	782
12	78891	786.371378465555	783
12	79022	787.371378465555	784
12	79149	788.371378465555	785
12	79280	789.371378465555	786
12	79410	790.371378465555	787
12	79540	791.371378465555	788
12	79671	792.371378465555	789
12	79801	793.371378465555	790
12	79932	794.371378465555	791
12	80062	795.371378465555	792
12	80192	796.371378465555	793
12	80323	797.371378465555	794
12	80454	798.371378465555	795
12	80585	799.371378465555	796
12	80715	800.371378465555	797
12	80845	801.371378465555	798
12	80976	802.371378465555	799
12	81107	803.371378465555	800
12	81238	804.371378465555	801
12	81368	805.371378465555	802
12	81498	806.371378465555	803
12	81628	807.371378465555	804
12	81759	808.371378465555	805
12	81890	809.371378465555	806
12	82020	810.371378465555	807
12	82151	811.371378465555	808
12	82282	812.371378465555	809
12	82412	813.371378465555	810
12	82582	814.371378465555	811
12	82713	815.371378465555	812
12	82844	816.371378465555	813
12	82975	817.371378465555	814
12	83105	818.371378465555	815
12	83235	819.371378465555	816
12	83365	820.371378465555	817
12	83496	821.371378465555	818
12	83627	822.371378465555	819
12	83758	823.371378465555	820
12	83889	824.371378465555	821
12	84021	825.371378465555	822
12	84151	826.371378465555	823
12	84282	827.371378465555	824
12	84413	828.371378465555	825
12	84543	829.371378465555	826
12	84673	830.371378465555	827
12	84804	831.371378465555	828
12	84931	832.371378465555	829
12	85059	833.371378465555	830
12	85189	834.371378465555	831
12	85320	835.371378465555	832
12	85451	836.371378465555	833
12	85581	837.371378465555	834
12	85712	838.371378465555	835
12	85840	839.371378465555	836
12	85971	840.371378465555	837
12	86101	841.371378465555	838
12	86149	842.371378465555	839
12	86197	843.371378465555	840
12	86245	844.371378465555	841
12	86293	845.371378465555	842
12	86341	846.371378465555	843
12	86389	847.371378465555	844
12	86437	848.371378465555	845
12	86485	849.371378465555	846
12	86533	850.371378465555	847
12	86581	851.371378465555	848
12	86629	852.371378465555	849
12	86677	853.371378465555	850
12	86725	854.371378465555	851
12	86773	855.371378465555	852
12	86817	856.371378465555	853
12	86855	857.371378465555	854
12	86891	858.371378465555	855
12	86927	859.371378465555	856
12	86965	860.371378465555	857
12	87001	861.371378465555	858
12	87037	862.371378465555	859
12	87073	863.371378465555	860
12	87109	864.371378465555	861
12	87145	865.371378465555	862
12	87181	866.371378465555	863
12	87217	867.371378465555	864
12	87253	868.371378465555	865
12	87289	869.371378465555	866
12	87325	870.371378465555	867
12	87361	871.371378465555	868
12	87397	872.371378465555	869
12	87433	873.371378465555	870
12	87469	874.371378465555	871
12	87505	875.371378465555	872
12	87541	876.371378465555	873
12	87577	877.371378465555	874
12	87613	878.371378465555	875
12	87649	879.371378465555	876
12	87685	880.371378465555	877
12	87721	881.371378465555	878
12	87757	882.371378465555	879
12	87793	883.371378465555	880
12	87829	884.371378465555	881
12	87865	885.371378465555	882
12	87901	886.371378465555	883
12	87937	887.371378465555	884
12	87973	888.371378465555	885
12	88009	889.371378465555	886
12	88045	890.371378465555	887
12	88081	891.371378465555	888
12	88117	892.371378465555	889
12	88153	893.371378465555	890
12	88189	894.371378465555	891
12	88225	895.371378465555	892
12	88261	896.371378465555	893
12	88297	897.371378465555	894
12	88333	898.371378465555	895
12	88369	899.371378465555	896
12	88405	900.371378465555	897
12	88441	901.371378465555	898
12	88477	902.371378465555	899
12	88513	903.371378465555	900
12	88549	904.371378465555	901
12	88585	905.371378465555	902
12	88621	906.371378465555	903
12	88657	907.371378465555	904
12	88693	908.371378465555	905
12	88729	909.371378465555	906
12	88765	910.371378465555	907
12	88801	911.371378465555	908
12	88837	912.371378465555	909
12	88873	913.371378465555	910
12	88909	914.371378465555	911
12	88945	915.371378465555	912
12	88981	916.371378465555	913
12	89017	917.371378465555	914
12	89053	918.371378465555	915
12	89089	919.371378465555	916
12	89125	920.371378465555	917
12	89161	921.371378465555	918
12	89197	922.371378465555	919
12	89233	923.371378465555	920
12	89269	924.371378465555	921
12	89305	925.371378465555	922
12	89341	926.371378465555	923
12	89378	927.371378465555	924
12	89426	928.371378465555	925
12	89474	929.371378465555	926
12	89522	930.371378465555	927
12	89560	931.371378465555	928
12	89596	932.371378465555	929
12	89634	933.371378465555	930
12	89670	934.371378465555	931
12	89684	935.371378465555	932
12	89699	936.371378465555	933
12	89714	937.371378465555	934
12	89729	938.371378465555	935
12	89744	939.371378465555	936
12	89759	940.371378465555	937
12	89774	941.371378465555	938
12	89789	942.371378465555	939
12	89804	943.371378465555	940
12	89819	944.371378465555	941
12	89831	945.371378465555	942
12	89846	946.371378465555	943
12	89861	947.371378465555	944
12	89876	948.371378465555	945
12	89891	949.371378465555	946
12	89906	950.371378465555	947
12	89921	951.371378465555	948
12	89936	952.371378465555	949
12	89951	953.371378465555	950
12	89966	954.371378465555	951
12	89981	955.371378465555	952
12	89996	956.371378465555	953
12	90011	957.371378465555	954
12	90026	958.371378465555	955
12	90041	959.371378465555	956
12	90056	960.371378465555	957
12	90071	961.371378465555	958
12	90086	962.371378465555	959
12	90101	963.371378465555	960
12	90116	964.371378465555	961
12	90131	965.371378465555	962
12	90146	966.371378465555	963
12	90161	967.371378465555	964
12	90176	968.371378465555	965
12	90191	969.371378465555	966
12	90206	970.371378465555	967
12	90221	971.371378465555	968
12	90236	972.371378465555	969
12	90251	973.371378465555	970
12	90266	974.371378465555	971
12	90281	975.371378465555	972
12	90296	976.371378465555	973
12	90311	977.371378465555	974
12	90327	978.371378465555	975
12	90747	979.371378465555	976
12	90878	980.371378465555	977
12	91008	981.371378465555	978
12	91139	982.371378465555	979
12	91270	983.371378465555	980
12	91400	984.371378465555	981
12	91531	985.371378465555	982
12	91661	986.371378465555	983
12	91791	987.371378465555	984
12	91921	988.371378465555	985
12	92051	989.371378465555	986
12	92181	990.371378465555	987
12	92311	991.371378465555	988
12	92442	992.371378465555	989
12	92573	993.371378465555	990
12	92704	994.371378465555	991
12	92835	995.371378465555	992
12	92965	996.371378465555	993
12	93096	997.371378465555	994
12	93226	998.371378465555	995
12	93357	999.371378465555	996
12	93485	1000.371378465555	997
13	161	3.375358465555	0
13	292	4.374336465555	1
13	423	5.374296465555	2
13	554	6.374396465555	3
13	684	7.374136465555	4
13	815	8.374196465555	5
13	946	9.374116465555	6
13	1077	10.374556465555	7
13	1207	11.374476465555	8
13	4714	97.374556465555	94
13	4845	98.374236465555	95
13	4975	99.374596465555	96
13	5106	100.374016465555	97
13	5237	101.374176465555	98
13	5364	102.374316465555	99
13	5495	103.374056465555	100
13	5626	104.374056465555	101
13	5756	105.374336465555	102
13	5887	106.374036465555	103
13	6018	107.374036465555	104
13	6149	108.374016465555	105
13	6280	109.374236465555	106
13	6410	110.374516465555	107
13	6540	111.374616465555	108
13	6670	112.374516465555	109
13	6801	113.374196465555	110
13	6932	114.374056465555	111
13	7060	115.374096465555	112
13	7191	116.374196465555	113
13	7321	117.374616465555	114
13	7452	118.374276465555	115
13	7583	119.374276465555	116
13	7713	120.374376465555	117
13	7840	121.374076465555	118
13	7970	122.374416465555	119
13	8139	123.375458465555	120
13	8269	124.374336465555	121
13	8399	125.374596465555	122
13	8530	126.374416465555	123
13	8660	127.374616465555	124
13	8790	128.374596465555	125
13	9114	133.374296465555	130
13	9244	134.374596465555	131
13	9375	135.374416465555	132
13	9506	136.374316465555	133
13	9637	137.374156465555	134
13	9765	138.374376465555	135
13	9895	139.374456465555	136
13	10025	140.374336465555	137
13	10156	141.374116465555	138
13	10287	142.374456465555	139
13	10418	143.374036465555	140
13	10549	144.374176465555	141
13	10680	145.374236465555	142
13	10807	146.374616465555	143
13	10938	147.374276465555	144
13	11068	148.374276465555	145
13	11198	149.374596465555	146
13	11325	150.374176465555	147
13	11455	151.374436465555	148
13	11585	152.374616465555	149
13	11716	153.374156465555	150
13	11847	154.374016465555	151
13	11977	155.374596465555	152
13	12107	156.374596465555	153
13	12237	157.374476465555	154
13	12367	158.374496465555	155
13	12494	159.374076465555	156
13	12622	160.374076465555	157
13	12753	161.374096465555	158
13	12883	162.374516465555	159
13	13011	163.374376465555	160
13	13141	164.374476465555	161
13	13273	165.374556465555	162
13	13401	166.374136465555	163
13	13532	167.374096465555	164
13	13663	168.374176465555	165
13	13794	169.374176465555	166
13	13924	170.374316465555	167
13	14055	171.374236465555	168
13	14186	172.374136465555	169
13	14317	173.374176465555	170
13	14448	174.374176465555	171
13	14578	175.374276465555	172
13	14705	176.374396465555	173
13	14835	177.374036465555	174
13	14966	178.374336465555	175
13	15096	179.374036465555	176
13	15227	180.374036465555	177
13	15357	181.374496465555	178
13	15488	182.373996465555	179
13	15618	183.374516465555	180
13	15749	184.374316465555	181
13	15879	185.374616465555	182
13	16010	186.373996465555	183
13	16141	187.374176465555	184
13	16272	188.374116465555	185
13	16402	189.374616465555	186
13	16533	190.374096465555	187
13	19792	274.375658465555	271
13	19923	275.374076465555	272
13	20053	276.374496465555	273
13	20183	277.374296465555	274
13	20313	278.374156465555	275
13	20444	279.374196465555	276
13	20575	280.374436465555	277
13	20705	281.374596465555	278
13	20836	282.374316465555	279
13	20967	283.374336465555	280
13	21097	284.374236465555	281
13	21227	285.374336465555	282
13	21357	286.374436465555	283
13	21488	287.374216465555	284
13	21615	288.374516465555	285
13	21745	289.374516465555	286
13	21875	290.374576465555	287
13	22005	291.374596465555	288
13	22136	292.374236465555	289
13	22266	293.374536465555	290
13	22397	294.374156465555	291
13	22528	295.374616465555	292
13	22659	296.374276465555	293
13	22790	297.374156465555	294
13	22921	298.374176465555	295
13	23052	299.374096465555	296
13	23183	300.374236465555	297
13	23314	301.374436465555	298
13	23444	302.374196465555	299
13	23574	303.374256465555	300
13	23702	304.374236465555	301
13	23830	305.374256465555	302
13	23957	306.374456465555	303
13	24087	307.374476465555	304
13	24218	308.374136465555	305
13	24348	309.374536465555	306
13	24478	310.374556465555	307
13	24608	311.374556465555	308
13	24738	312.374376465555	309
13	24868	313.374256465555	310
13	24999	314.374036465555	311
13	25129	315.374516465555	312
13	25260	316.374236465555	313
13	25390	317.374196465555	314
13	25520	318.374396465555	315
13	25651	319.373996465555	316
13	25782	320.374296465555	317
13	25913	321.374536465555	318
13	26044	322.374116465555	319
13	26174	323.374556465555	320
13	26305	324.374376465555	321
13	26436	325.374376465555	322
13	26564	326.374016465555	323
13	26695	327.374016465555	324
13	26826	328.374516465555	325
13	26957	329.374016465555	326
13	27087	330.374496465555	327
13	27217	331.374536465555	328
13	27347	332.374256465555	329
13	27477	333.374136465555	330
13	27607	334.374616465555	331
13	27738	335.374536465555	332
13	27869	336.374496465555	333
13	27999	337.374496465555	334
13	28129	338.374596465555	335
13	28260	339.374516465555	336
13	28391	340.374016465555	337
13	28522	341.374116465555	338
13	28652	342.374556465555	339
13	28782	343.374616465555	340
13	28913	344.374036465555	341
13	29044	345.374116465555	342
13	29174	346.374316465555	343
13	29305	347.374096465555	344
13	29436	348.374556465555	345
13	29567	349.373996465555	346
13	29697	350.374456465555	347
13	29825	351.374196465555	348
13	29956	352.374236465555	349
13	30086	353.374536465555	350
13	30216	354.374496465555	351
13	30347	355.373996465555	352
13	30477	356.374436465555	353
13	30608	357.374216465555	354
13	31124	366.374216465555	363
13	31255	367.374376465555	364
13	31386	368.374096465555	365
13	31517	369.374336465555	366
13	31648	370.374456465555	367
13	31779	371.374156465555	368
13	31907	372.374056465555	369
13	32038	373.373996465555	370
13	32165	374.374596465555	371
13	32296	375.374036465555	372
13	32424	376.374276465555	373
13	32555	377.374176465555	374
13	32686	378.374156465555	375
13	32817	379.374276465555	376
13	32944	380.374076465555	377
13	33074	381.374196465555	378
13	33205	382.374196465555	379
13	33335	383.374616465555	380
13	33465	384.374416465555	381
13	33592	385.374556465555	382
13	33724	386.374056465555	383
13	33854	387.374616465555	384
13	33985	388.374176465555	385
13	34112	389.374556465555	386
13	34243	390.374116465555	387
13	34374	391.374216465555	388
13	34504	392.374596465555	389
13	34634	393.374536465555	390
13	34802	394.376038465555	391
13	34933	395.374456465555	392
13	35064	396.374156465555	393
13	35195	397.374016465555	394
13	35326	398.373996465555	395
13	35456	399.374596465555	396
13	35586	400.374076465555	397
13	35717	401.374076465555	398
13	35847	402.374576465555	399
13	35977	403.374356465555	400
13	36107	404.374456465555	401
13	36237	405.374596465555	402
13	36367	406.374616465555	403
13	36498	407.374076465555	404
13	36628	408.374296465555	405
13	36758	409.374556465555	406
13	36889	410.374436465555	407
13	37020	411.374156465555	408
13	37150	412.374496465555	409
13	37280	413.374456465555	410
13	37411	414.374236465555	411
13	37542	415.374456465555	412
13	37673	416.374036465555	413
13	37804	417.374436465555	414
13	37935	418.374416465555	415
13	38066	419.374076465555	416
13	38197	420.374076465555	417
13	38327	421.374516465555	418
13	38457	422.374276465555	419
13	38588	423.374356465555	420
13	38718	424.374496465555	421
13	38848	425.374556465555	422
13	38979	426.374536465555	423
13	39106	427.374256465555	424
13	39236	428.374296465555	425
13	39366	429.374356465555	426
13	39497	430.374076465555	427
13	39627	431.374596465555	428
13	39758	432.374316465555	429
13	39888	433.374316465555	430
13	40019	434.374136465555	431
13	40149	435.374576465555	432
13	40276	436.374156465555	433
13	40406	437.374616465555	434
13	40536	438.374176465555	435
13	40667	439.373996465555	436
13	40797	440.374256465555	437
13	40928	441.374176465555	438
13	41058	442.374556465555	439
13	41189	443.374176465555	440
13	41319	444.374496465555	441
13	41450	445.374556465555	442
13	41581	446.373996465555	443
13	41712	447.374036465555	444
13	41844	448.374416465555	445
13	41972	449.374116465555	446
13	42102	450.374256465555	447
13	42232	451.374056465555	448
13	42363	452.374076465555	449
13	42494	453.374316465555	450
13	42625	454.374016465555	451
13	42756	455.374416465555	452
13	42887	456.374016465555	453
13	43018	457.374136465555	454
13	43149	458.374196465555	455
13	43279	459.374396465555	456
13	43410	460.374156465555	457
13	43537	461.374196465555	458
13	43668	462.374356465555	459
13	43796	463.374096465555	460
13	43927	464.374216465555	461
13	44058	465.374076465555	462
13	44188	466.374396465555	463
13	44319	467.374116465555	464
13	44450	468.374296465555	465
13	44581	469.374276465555	466
13	44712	470.374056465555	467
13	44842	471.374416465555	468
13	44973	472.374376465555	469
13	45103	473.374256465555	470
13	45234	474.374036465555	471
13	45365	475.374056465555	472
13	45493	476.374176465555	473
13	45623	477.374416465555	474
13	45750	478.374336465555	475
13	45880	479.374416465555	476
13	46011	480.374016465555	477
13	46141	481.374556465555	478
13	46268	482.374076465555	479
13	46398	483.374616465555	480
13	46528	484.374416465555	481
13	46656	485.373996465555	482
13	46783	486.374316465555	483
13	46913	487.374456465555	484
13	47044	488.374456465555	485
13	47175	489.374316465555	486
13	47307	490.374216465555	487
13	47438	491.374256465555	488
13	47569	492.374556465555	489
13	47700	493.374296465555	490
13	47831	494.374076465555	491
13	47962	495.374236465555	492
13	48092	496.374116465555	493
13	48223	497.374216465555	494
13	48354	498.374316465555	495
13	48485	499.374016465555	496
13	48616	500.373996465555	497
13	48744	501.373996465555	498
13	48875	502.374076465555	499
13	49005	503.374496465555	500
13	49136	504.374296465555	501
13	49264	505.374156465555	502
13	49395	506.374256465555	503
13	49526	507.374056465555	504
13	49657	508.374036465555	505
13	49788	509.374076465555	506
13	51094	572.375478465555	569
13	51225	573.374036465555	570
13	51355	574.374556465555	571
13	51486	575.374276465555	572
13	51616	576.374496465555	573
13	51746	577.374616465555	574
13	51876	578.374216465555	575
13	52006	579.374616465555	576
13	52137	580.374116465555	577
13	52268	581.374196465555	578
13	52398	582.374356465555	579
13	52529	583.374356465555	580
13	52660	584.374356465555	581
13	52791	585.374116465555	582
13	52922	586.374036465555	583
13	53053	587.374556465555	584
13	53183	588.374496465555	585
13	53314	589.374096465555	586
13	53444	590.374576465555	587
13	53571	591.374496465555	588
13	53702	592.374016465555	589
13	53832	593.374476465555	590
13	53962	594.374476465555	591
13	54093	595.374156465555	592
13	54224	596.374096465555	593
13	54352	597.374016465555	594
13	54482	598.374136465555	595
13	54613	599.374316465555	596
13	54744	600.373996465555	597
13	54874	601.374216465555	598
13	55004	602.374496465555	599
13	55135	603.374276465555	600
13	55265	604.374436465555	601
13	55396	605.374536465555	602
13	55526	606.374596465555	603
13	55657	607.374316465555	604
13	55787	608.374476465555	605
13	55917	609.374276465555	606
13	56049	610.374056465555	607
13	56180	611.374116465555	608
13	56311	612.374056465555	609
13	56442	613.374036465555	610
13	56573	614.374076465555	611
13	56703	615.374176465555	612
13	56834	616.374296465555	613
13	56966	617.374276465555	614
13	57097	618.374316465555	615
13	57228	619.374236465555	616
13	57355	620.374076465555	617
13	57486	621.374116465555	618
13	57616	622.374536465555	619
13	57747	623.374156465555	620
13	57874	624.374476465555	621
13	58005	625.374556465555	622
13	58136	626.374256465555	623
13	58267	627.374356465555	624
13	58398	628.374276465555	625
13	58528	629.374556465555	626
13	58659	630.373996465555	627
13	58789	631.374616465555	628
13	58921	632.374016465555	629
13	59052	633.373996465555	630
13	59182	634.374236465555	631
13	59312	635.374196465555	632
13	59443	636.374096465555	633
13	59570	637.374356465555	634
13	59697	638.374316465555	635
13	59827	639.374336465555	636
13	59958	640.374036465555	637
13	60088	641.374496465555	638
13	60219	642.374536465555	639
13	60349	643.374476465555	640
13	60476	644.374256465555	641
13	60606	645.374476465555	642
13	60737	646.374116465555	643
13	60868	647.374136465555	644
13	60999	648.374396465555	645
13	61129	649.374196465555	646
13	61259	650.374516465555	647
13	61390	651.374176465555	648
13	61520	652.374516465555	649
13	61651	653.374076465555	650
13	61781	654.374496465555	651
13	61912	655.374336465555	652
13	62043	656.374016465555	653
13	62174	657.374116465555	654
13	62304	658.374196465555	655
13	62425	659.374416465555	656
13	62556	660.374396465555	657
13	62687	661.374036465555	658
13	62817	662.374416465555	659
13	62948	663.374416465555	660
13	63079	664.374296465555	661
13	63209	665.374576465555	662
13	63340	666.374336465555	663
13	63471	667.374056465555	664
13	63602	668.374516465555	665
13	63733	669.374096465555	666
13	63864	670.374036465555	667
13	63995	671.374536465555	668
13	64125	672.374376465555	669
13	64256	673.374316465555	670
13	64386	674.374556465555	671
13	64516	675.374516465555	672
13	64647	676.374296465555	673
13	64778	677.374096465555	674
13	64908	678.374516465555	675
13	65040	679.374096465555	676
13	65170	680.374476465555	677
13	65301	681.374076465555	678
13	65431	682.374416465555	679
13	65562	683.374576465555	680
13	65693	684.374036465555	681
13	65823	685.374356465555	682
13	65954	686.374396465555	683
13	66085	687.374216465555	684
13	66216	688.374236465555	685
13	66347	689.374296465555	686
13	66477	690.374436465555	687
13	66607	691.374036465555	688
13	66775	692.375538465555	689
13	66902	693.374416465555	690
13	67032	694.374256465555	691
13	67163	695.374036465555	692
13	67294	696.374356465555	693
13	67424	697.374296465555	694
13	67555	698.374336465555	695
13	67686	699.374476465555	696
13	67816	700.374296465555	697
13	67947	701.374076465555	698
13	68077	702.374236465555	699
13	68208	703.374216465555	700
13	68339	704.374216465555	701
13	68470	705.374336465555	702
13	68597	706.374416465555	703
13	68727	707.374176465555	704
13	68858	708.374476465555	705
13	68989	709.374316465555	706
13	69119	710.374296465555	707
13	69249	711.374236465555	708
13	69379	712.374516465555	709
13	69510	713.374056465555	710
13	69640	714.374176465555	711
13	69771	715.374076465555	712
13	69902	716.374176465555	713
13	70033	717.374496465555	714
13	70163	718.374096465555	715
13	70290	719.374416465555	716
13	70421	720.374276465555	717
13	70551	721.374336465555	718
13	70682	722.374556465555	719
13	70812	723.374096465555	720
13	70942	724.374416465555	721
13	71072	725.374216465555	722
13	71203	726.374276465555	723
13	71334	727.374476465555	724
13	71464	728.374396465555	725
13	71595	729.374176465555	726
13	71725	730.374516465555	727
13	71856	731.374536465555	728
13	71986	732.374496465555	729
13	72116	733.374496465555	730
13	72247	734.374036465555	731
13	72377	735.374336465555	732
13	72505	736.374316465555	733
13	72635	737.374556465555	734
13	72767	738.374116465555	735
13	72898	739.374216465555	736
13	73025	740.374596465555	737
13	73156	741.374476465555	738
13	73283	742.374236465555	739
13	73414	743.374016465555	740
13	73544	744.374296465555	741
13	73674	745.374616465555	742
13	73805	746.374416465555	743
13	73936	747.374476465555	744
13	74067	748.374196465555	745
13	74197	749.374196465555	746
13	74327	750.374356465555	747
13	74457	751.374256465555	748
13	74585	752.374096465555	749
13	74716	753.374076465555	750
13	74843	754.374596465555	751
13	74974	755.374116465555	752
13	75104	756.374536465555	753
13	75231	757.374616465555	754
13	75362	758.374036465555	755
13	75492	759.374396465555	756
13	75623	760.374436465555	757
13	75754	761.374356465555	758
13	75884	762.374376465555	759
13	76014	763.374616465555	760
13	76145	764.374296465555	761
13	76275	765.374236465555	762
13	76405	766.374336465555	763
13	76536	767.374236465555	764
13	76666	768.374176465555	765
13	76797	769.374536465555	766
13	76925	770.374416465555	767
13	77056	771.374136465555	768
13	77187	772.374096465555	769
13	77317	773.374396465555	770
13	77448	774.374376465555	771
13	77578	775.374376465555	772
13	77708	776.374616465555	773
13	77835	777.374356465555	774
13	77965	778.374416465555	775
13	78095	779.374596465555	776
13	78226	780.374356465555	777
13	78356	781.374296465555	778
13	78484	782.374016465555	779
13	78615	783.374336465555	780
13	78745	784.374356465555	781
13	78876	785.374136465555	782
13	79007	786.374116465555	783
13	79137	787.374356465555	784
13	79265	788.374196465555	785
13	79395	789.374276465555	786
13	79525	790.374336465555	787
13	79656	791.374256465555	788
13	79786	792.374576465555	789
13	79917	793.374036465555	790
13	80047	794.374556465555	791
13	80177	795.374556465555	792
13	80307	796.374156465555	793
13	80439	797.374096465555	794
13	80569	798.374436465555	795
13	80700	799.374456465555	796
13	80830	800.374516465555	797
13	80961	801.374036465555	798
13	81092	802.374156465555	799
13	81223	803.374316465555	800
13	81353	804.374356465555	801
13	81483	805.374276465555	802
13	81613	806.374096465555	803
13	81744	807.374036465555	804
13	81875	808.374536465555	805
13	82005	809.374576465555	806
13	82136	810.374376465555	807
13	82267	811.374136465555	808
13	82397	812.374416465555	809
13	82567	813.374918465555	810
13	82698	814.374336465555	811
13	82829	815.374036465555	812
13	82959	816.374416465555	813
13	83090	817.374536465555	814
13	83220	818.374276465555	815
13	83350	819.374576465555	816
13	83481	820.374276465555	817
13	83612	821.374016465555	818
13	83743	822.374036465555	819
13	83874	823.374096465555	820
13	84005	824.374196465555	821
13	84136	825.374416465555	822
13	84267	826.374256465555	823
13	84398	827.374096465555	824
13	84528	828.374316465555	825
13	84658	829.374316465555	826
13	84789	830.374036465555	827
13	84919	831.374596465555	828
13	85047	832.374216465555	829
13	85174	833.374216465555	830
13	85305	834.374116465555	831
13	85436	835.374016465555	832
13	85566	836.374476465555	833
13	85697	837.374176465555	834
13	85828	838.374096465555	835
13	85956	839.374136465555	836
13	86086	840.374216465555	837
13	90485	978.375298465555	973
13	90608	978.378870465555	974
13	90732	978.381882465555	975
13	90863	979.374076465555	976
13	90993	980.374596465555	977
13	91124	981.374236465555	978
13	91254	982.374236465555	979
13	91385	983.374456465555	980
13	91515	984.374236465555	981
13	91646	985.374576465555	982
13	91776	986.374436465555	983
13	91906	987.374236465555	984
13	92036	988.374556465555	985
13	92166	989.374576465555	986
13	92296	990.374356465555	987
13	92427	991.374456465555	988
13	92558	992.374196465555	989
13	92689	993.374016465555	990
13	92820	994.374116465555	991
13	92950	995.374276465555	992
13	93081	996.374336465555	993
13	93211	997.374616465555	994
13	93342	998.374436465555	995
13	93473	999.374196465555	996
14	10	3.371378465555	1
14	19100	244.371378465555	1
14	19115	245.371378465555	1
14	19133	246.371378465555	1
14	19154	247.371378465555	1
14	19169	248.371378465555	1
14	19187	249.371378465555	1
14	19208	250.371378465555	1
14	19223	251.371378465555	1
14	19241	252.371378465555	1
14	19262	253.371378465555	1
14	19277	254.371378465555	1
14	19295	255.371378465555	1
14	19316	256.371378465555	1
14	19331	257.371378465555	1
14	19349	258.371378465555	1
14	19370	259.371378465555	1
14	19385	260.371378465555	1
14	19403	261.371378465555	1
14	19424	262.371378465555	1
14	19439	263.371378465555	1
14	19457	264.371378465555	1
14	19478	265.371378465555	1
14	19494	266.371378465555	1
14	19512	267.371378465555	1
14	19533	268.371378465555	1
14	19548	269.371378465555	1
14	19566	270.371378465555	1
14	19587	271.371378465555	1
14	19602	272.371378465555	1
14	19620	273.371378465555	1
14	19641	274.371378465555	1
14	50046	515.371378465555	1
14	50061	516.371378465555	1
14	50079	517.371378465555	1
14	50100	518.371378465555	1
14	50115	519.371378465555	1
14	50133	520.371378465555	1
14	50154	521.371378465555	1
14	50169	522.371378465555	1
14	50187	523.371378465555	1
14	50208	524.371378465555	1
14	50223	525.371378465555	1
14	50241	526.371378465555	1
14	50262	527.371378465555	1
14	50277	528.371378465555	1
14	50294	529.371378465555	1
14	50314	530.371378465555	1
14	50326	531.371378465555	1
14	50342	532.371378465555	1
14	50360	533.371378465555	1
14	50372	534.371378465555	1
14	50387	535.371378465555	1
14	50405	536.371378465555	1
14	50417	537.371378465555	1
14	50432	538.371378465555	1
14	50450	539.371378465555	1
14	50462	540.371378465555	1
14	50478	541.371378465555	1
14	50496	542.371378465555	1
14	50508	543.371378465555	1
14	50523	544.371378465555	1
14	50541	545.371378465555	1
14	50553	546.371378465555	1
14	50568	547.371378465555	1
14	50586	548.371378465555	1
14	50598	549.371378465555	1
14	50613	550.371378465555	1
14	50631	551.371378465555	1
14	50643	552.371378465555	1
14	50658	553.371378465555	1
14	50676	554.371378465555	1
14	50688	555.371378465555	1
14	50703	556.371378465555	1
14	50721	557.371378465555	1
14	50733	558.371378465555	1
14	50748	559.371378465555	1
14	50766	560.371378465555	1
14	50778	561.371378465555	1
14	50793	562.371378465555	1
14	50811	563.371378465555	1
14	50823	564.371378465555	1
14	50838	565.371378465555	1
14	50856	566.371378465555	1
14	50865	567.371378465555	1
14	50880	568.371378465555	1
14	50898	569.371378465555	1
14	50910	570.371378465555	1
14	50925	571.371378465555	1
14	50944	572.371378465555	1
14	82415	813.371378465555	1
14	89673	934.371378465555	1
14	89685	935.371378465555	1
14	89700	936.371378465555	1
14	89718	937.371378465555	1
14	89730	938.371378465555	1
14	89745	939.371378465555	1
14	89763	940.371378465555	1
14	89775	941.371378465555	1
14	89790	942.371378465555	1
14	89808	943.371378465555	1
14	89820	944.371378465555	1
14	89832	945.371378465555	1
14	89850	946.371378465555	1
14	89862	947.371378465555	1
14	89877	948.371378465555	1
14	89895	949.371378465555	1
14	89907	950.371378465555	1
14	89922	951.371378465555	1
14	89940	952.371378465555	1
14	89952	953.371378465555	1
14	89967	954.371378465555	1
14	89985	955.371378465555	1
14	89997	956.371378465555	1
14	90012	957.371378465555	1
14	90030	958.371378465555	1
14	90042	959.371378465555	1
14	90057	960.371378465555	1
14	90075	961.371378465555	1
14	90087	962.371378465555	1
14	90102	963.371378465555	1
14	90120	964.371378465555	1
14	90132	965.371378465555	1
14	90147	966.371378465555	1
14	90165	967.371378465555	1
14	90177	968.371378465555	1
14	90192	969.371378465555	1
14	90210	970.371378465555	1
14	90222	971.371378465555	1
14	90237	972.371378465555	1
14	90255	973.371378465555	1
14	90267	974.371378465555	1
14	90282	975.371378465555	1
14	90300	976.371378465555	1
14	90312	977.371378465555	1
14	90328	978.371378465555	1
16	10	3.371378465555	1
16	19100	244.371378465555	1
16	19154	247.371378465555	1
16	19208	250.371378465555	1
16	19262	253.371378465555	1
16	19316	256.371378465555	1
16	19370	259.371378465555	1
16	19424	262.371378465555	1
16	19478	265.371378465555	1
16	19533	268.371378465555	1
16	19587	271.371378465555	1
16	19641	274.371378465555	1
16	50046	515.371378465555	1
16	50100	518.371378465555	1
16	50154	521.371378465555	1
16	50208	524.371378465555	1
16	50262	527.371378465555	1
16	50314	530.371378465555	1
16	50360	533.371378465555	1
16	50405	536.371378465555	1
16	50450	539.371378465555	1
16	50496	542.371378465555	1
16	50541	545.371378465555	1
16	50586	548.371378465555	1
16	50631	551.371378465555	1
16	50676	554.371378465555	1
16	50721	557.371378465555	1
16	50766	560.371378465555	1
16	50811	563.371378465555	1
16	50856	566.371378465555	1
16	50898	569.371378465555	1
16	50944	572.371378465555	1
16	82415	813.371378465555	1
16	89673	934.371378465555	1
16	89718	937.371378465555	1
16	89763	940.371378465555	1
16	89808	943.371378465555	1
16	89850	946.371378465555	1
16	89895	949.371378465555	1
16	89940	952.371378465555	1
16	89985	955.371378465555	1
16	90030	958.371378465555	1
16	90075	961.371378465555	1
16	90120	964.371378465555	1
16	90165	967.371378465555	1
16	90210	970.371378465555	1
16	90255	973.371378465555	1
16	90300	976.371378465555	1
17	19151	247.371378465555	1
17	19205	250.371378465555	1
17	19259	253.371378465555	1
17	19313	256.371378465555	1
17	19367	259.371378465555	1
17	19421	262.371378465555	1
17	19475	265.371378465555	1
17	19530	268.371378465555	1
17	19584	271.371378465555	1
17	19638	274.371378465555	1
17	50097	518.371378465555	1
17	50151	521.371378465555	1
17	50205	524.371378465555	1
17	50259	527.371378465555	1
17	50311	530.371378465555	1
17	50357	533.371378465555	1
17	50402	536.371378465555	1
17	50447	539.371378465555	1
17	50493	542.371378465555	1
17	50538	545.371378465555	1
17	50583	548.371378465555	1
17	50628	551.371378465555	1
17	50673	554.371378465555	1
17	50718	557.371378465555	1
17	50763	560.371378465555	1
17	50808	563.371378465555	1
17	50853	566.371378465555	1
17	50895	569.371378465555	1
17	50941	572.371378465555	1
17	89715	937.371378465555	1
17	89760	940.371378465555	1
17	89805	943.371378465555	1
17	89847	946.371378465555	1
17	89892	949.371378465555	1
17	89937	952.371378465555	1
17	89982	955.371378465555	1
17	90027	958.371378465555	1
17	90072	961.371378465555	1
17	90117	964.371378465555	1
17	90162	967.371378465555	1
17	90207	970.371378465555	1
17	90252	973.371378465555	1
17	90297	976.371378465555	1
